PS C:\Users\Student\Documents\challenges\Q-Learning-Algorithm> python .\frozenlake_sw.py
{(0, 0, 0): 0, (0, 0, 1): 0, (0, 0, 2): 0, (0, 0, 3): 0, (0, 1, 0): 0, (0, 1, 1): 0, (0, 1, 2): 0, (0, 1, 3): 0, (0, 2, 0): 0, (0, 2, 1): 0, (0, 2, 2): 0, (0, 2, 3): 0, (0, 3, 0): 0, (0, 3, 1): 0, (0, 3, 2): 0, (0, 3, 3): 0, (0, 4, 0): 0, (0, 4, 1): 0, (0, 4, 2): 0, (0, 4, 3): 0, (1, 0, 0): 0, (1, 0, 1): 0, (1, 0, 2): 0, (1, 0, 3): 0, (1, 1, 0): 0, (1, 1, 1): 0, (1, 1, 2): 0, (1, 1, 3): 0, (1, 2, 0): 0, (1, 2, 1): 0, (1, 2, 2): 0, (1, 2, 3): 0, (1, 3, 0): 0, (1, 3, 1): 0, (1, 3, 2): 0, (1, 3, 3): 0, (1, 4, 0): 0, (1, 4, 1): 0, (1, 4, 2): 0, (1, 4, 3): 0, (2, 0, 0): 0, (2, 0, 1): 0, (2, 0, 2): 0, (2, 0, 3): 0, (2, 1, 0): 0, (2, 1, 1): 0, (2, 1, 2): 0, (2, 1, 3): 0, (2, 2, 0): 0, (2, 2, 1): 0, (2, 2, 2): 0, (2, 2, 3): 0, (2, 3, 0): 0, (2, 3, 1): 0, (2, 3, 2): 0, (2, 3, 3): 0, (2, 4, 0): 0, (2, 4, 1): 0, (2, 4, 2): 0, (2, 4, 3): 0, (3, 0, 0): 0, (3, 0, 1): 0, (3, 0, 2): 0, (3, 0, 3): 0, (3, 1, 0): 0, (3, 1, 1): 0, (3, 1, 2): 0, (3, 1, 3): 0, (3, 2, 0): 0, (3, 2, 1): 0, (3, 2, 2): 0, (3, 2, 3): 0, (3, 3, 0): 0, (3, 3, 1): 0, (3, 3, 2): 0, (3, 3, 3): 0, (3, 4, 0): 0, (3, 4, 1): 0, (3, 4, 2): 0, (3, 4, 3): 0, (4, 0, 0): 0, (4, 0, 1): 0, (4, 0, 2): 0, (4, 0, 3): 0, (4, 1, 0): 0, (4, 1, 1): 0, (4, 1, 2): 0, (4, 1, 3): 0, (4, 2, 0): 0, (4, 2, 1): 0, (4, 2, 2): 0, (4, 2, 3): 0, (4, 3, 0): 0, (4, 3, 1): 0, (4, 3, 2): 0, (4, 3, 3): 0, (4, 4, 0): 0, (4, 4, 1): 0, (4, 4, 2): 0, (4, 4, 3): 0}
{(0, 0, 0): -5.735, (0, 0, 1): -5.499, (0, 0, 2): -5.735, (0, 0, 3): -5.262, (0, 1, 0): -5.262, (0, 1, 1): -4.736, (0, 1, 2): -5.735, (0, 1, 3): -4.736, (0, 2, 0): -4.736, (0, 2, 1): -4.152, (0, 2, 2): -5.262, (0, 2, 3): -4.152, (0, 3, 0): -4.152, (0, 3, 1): -5.499, (0, 3, 2): -4.736, (0, 3, 3): -3.503, (0, 4, 0): -3.503, (0, 4, 1): -2.782, (0, 4, 2): -4.152, (0, 4, 3): -3.503, (1, 0, 0): -5, (1, 0, 1): -5, (1, 0, 2): -5, (1, 0, 3): -5, (1, 1, 0): -5.262, (1, 1, 1): -4.152, (1, 1, 2): -5.479, (1, 1, 3): -4.152, (1, 2, 0): -4.736, (1, 2, 1): -3.503, (1, 2, 2): -4.736, (1, 2, 3): -5.499, (1, 3, 0): -5, (1, 3, 1): -5, (1, 3, 2): -5, (1, 3, 3): -5, (1, 4, 0): -3.503, (1, 4, 1): -1.98, (1, 4, 2): -5.499, (1, 4, 3): -2.782, (2, 0, 0): -4.125, (2, 0, 1): -3.193, (2, 0, 2): -3.366, (2, 0, 3): -3.562, (2, 1, 0): -3.503, (2, 1, 1): -4.875, (2, 1, 2): -3.509, (2, 1, 3): -3.503, (2, 2, 0): -4.152, (2, 2, 1): -2.782, (2, 2, 2): -4.082, (2, 2, 3): -2.782, (2, 3, 0): -5.499, (2, 3, 1): -1.98, (2, 3, 2): -3.503, (2, 3, 3): -1.98, (2, 4, 0): -2.782, (2, 4, 1): -1.089, (2, 4, 2): -2.782, (2, 4, 3): -1.98, (3, 0, 0): -2.98, (3, 0, 1): -2.811, (3, 0, 2): -3.017, (3, 0, 3): -4.125, (3, 1, 0): -5, (3, 1, 1): -5, (3, 1, 2): -5, (3, 1, 3): -5, (3, 2, 0): -2.885, (3, 2, 1): -4.875, (3, 2, 2): -4.812, (3, 2, 3): -1.98, (3, 3, 0): -2.779, (3, 3, 1): -1.095, (3, 3, 2): -2.78, (3, 3, 3): -1.089, (3, 4, 0): -1.98, (3, 4, 1): -0.099, (3, 4, 2): -1.98, (3, 4, 3): -1.089, (4, 0, 0): -3.034, (4, 0, 1): -3.017, (4, 0, 2): -3.201, (4, 0, 3): -3.023, (4, 1, 0): -2.75, (4, 1, 1): -3.017, (4, 1, 2): -3.166, (4, 1, 3): -2.75, (4, 2, 0): -5, (4, 2, 1): -5, (4, 2, 2): -5, (4, 2, 3): -5, (4, 3, 0): -0.894, (4, 3, 1): -0.798, (4, 3, 2): -2.75, (4, 3, 3): -0.1, (4, 4, 0): 1, (4, 4, 1): 1, (4, 4, 2): 1, (4, 4, 3): 1}
-----------------------------------------------
| -5.262 | -4.736 | -4.152 | -3.503 | -2.782 |
-----------------------------------------------
| -5     | -4.152 | -3.503 | -5     | -1.98  |
-----------------------------------------------
| -3.193 | -3.503 | -2.782 | -1.98  | -1.089 |
-----------------------------------------------
| -2.811 | -5     | -1.98  | -1.089 | -0.099 |
-----------------------------------------------
| -3.017 | -2.75  | -5     | -0.1   | 1      |
-----------------------------------------------
PS C:\Users\Student\Documents\challenges\Q-Learning-Algorithm> cp frozenlake_sw.py frozenlake_sw_orig.py
PS C:\Users\Student\Documents\challenges\Q-Learning-Algorithm> python .\frozenlake_sw.py
{(0, 0, 0): 0, (0, 0, 1): 0, (0, 0, 2): 0, (0, 0, 3): 0, (0, 1, 0): 0, (0, 1, 1): 0, (0, 1, 2): 0, (0, 1, 3): 0, (0, 2, 0): 0, (0, 2, 1): 0, (0, 2, 2): 0, (0, 2, 3): 0, (0, 3, 0): 0, (0, 3, 1): 0, (0, 3, 2): 0, (0, 3, 3): 0, (0, 4, 0): 0, (0, 4, 1): 0, (0, 4, 2): 0, (0, 4, 3): 0, (1, 0, 0): 0, (1, 0, 1): 0, (1, 0, 2): 0, (1, 0, 3): 0, (1, 1, 0): 0, (1, 1, 1): 0, (1, 1, 2): 0, (1, 1, 3): 0, (1, 2, 0): 0, (1, 2, 1): 0, (1, 2, 2): 0, (1, 2, 3): 0, (1, 3, 0): 0, (1, 3, 1): 0, (1, 3, 2): 0, (1, 3, 3): 0, (1, 4, 0): 0, (1, 4, 1): 0, (1, 4, 2): 0, (1, 4, 3): 0, (2, 0, 0): 0, (2, 0, 1): 0, (2, 0, 2): 0, (2, 0, 3): 0, (2, 1, 0): 0, (2, 1, 1): 0, (2, 1, 2): 0, (2, 1, 3): 0, (2, 2, 0): 0, (2, 2, 1): 0, (2, 2, 2): 0, (2, 2, 3): 0, (2, 3, 0): 0, (2, 3, 1): 0, (2, 3, 2): 0, (2, 3, 3): 0, (2, 4, 0): 0, (2, 4, 1): 0, (2, 4, 2): 0, (2, 4, 3): 0, (3, 0, 0): 0, (3, 0, 1): 0, (3, 0, 2): 0, (3, 0, 3): 0, (3, 1, 0): 0, (3, 1, 1): 0, (3, 1, 2): 0, (3, 1, 3): 0, (3, 2, 0): 0, (3, 2, 1): 0, (3, 2, 2): 0, (3, 2, 3): 0, (3, 3, 0): 0, (3, 3, 1): 0, (3, 3, 2): 0, (3, 3, 3): 0, (3, 4, 0): 0, (3, 4, 1): 0, (3, 4, 2): 0, (3, 4, 3): 0, (4, 0, 0): 0, (4, 0, 1): 0, (4, 0, 2): 0, (4, 0, 3): 0, (4, 1, 0): 0, (4, 1, 1): 0, (4, 1, 2): 0, (4, 1, 3): 0, (4, 2, 0): 0, (4, 2, 1): 0, (4, 2, 2): 0, (4, 2, 3): 0, (4, 3, 0): 0, (4, 3, 1): 0, (4, 3, 2): 0, (4, 3, 3): 0, (4, 4, 0): 0, (4, 4, 1): 0, (4, 4, 2): 0, (4, 4, 3): 0}
{(0, 0, 0): -5.735, (0, 0, 1): -5.499, (0, 0, 2): -5.735, (0, 0, 3): -5.262, (0, 1, 0): -5.262, (0, 1, 1): -4.736, (0, 1, 2): -5.735, (0, 1, 3): -4.736, (0, 2, 0): -4.736, (0, 2, 1): -4.152, (0, 2, 2): -5.262, (0, 2, 3): -4.152, (0, 3, 0): -4.152, (0, 3, 1): -5.499, (0, 3, 2): -4.736, (0, 3, 3): -3.503, (0, 4, 0): -3.503, (0, 4, 1): -2.782, (0, 4, 2): -4.152, (0, 4, 3): -3.503, (1, 0, 0): -5, (1, 0, 1): -5, (1, 0, 2): -5, (1, 0, 3): -5, (1, 1, 0): -5.26, (1, 1, 1): -4.152, (1, 1, 2): -5.479, (1, 1, 3): -4.152, (1, 2, 0): -4.736, (1, 2, 1): -3.503, (1, 2, 2): -4.736, (1, 2, 3): -5.499, (1, 3, 0): -5, (1, 3, 1): -5, (1, 3, 2): -5, (1, 3, 3): -5, (1, 4, 0): -3.503, (1, 4, 1): -1.98, (1, 4, 2): -5.499, (1, 4, 3): -2.782, (2, 0, 0): -4.125, (2, 0, 1): -3.327, (2, 0, 2): -3.366, (2, 0, 3): -3.422, (2, 1, 0): -3.56, (2, 1, 1): -4.25, (2, 1, 2): -3.598, (2, 1, 3): -3.503, (2, 2, 0): -4.152, (2, 2, 1): -2.782, (2, 2, 2): -4.152, (2, 2, 3): -2.782, (2, 3, 0): -5.499, (2, 3, 1): -1.98, (2, 3, 2): -3.503, (2, 3, 3): -1.98, (2, 4, 0): -2.782, (2, 4, 1): -1.089, (2, 4, 2): -2.782, (2, 4, 3): -1.98, (3, 0, 0): -3.059, (3, 0, 1): -2.99, (3, 0, 2): -2.891, (3, 0, 3): -4.125, (3, 1, 0): -5, (3, 1, 1): -5, (3, 1, 2): -5, (3, 1, 3): -5, (3, 2, 0): -2.841, (3, 2, 1): -4.875, (3, 2, 2): -4.125, (3, 2, 3): -1.98, (3, 3, 0): -2.779, (3, 3, 1): -1.167, (3, 3, 2): -2.782, (3, 3, 3): -1.089, (3, 4, 0): -1.98, (3, 4, 1): -0.099, (3, 4, 2): -1.98, (3, 4, 3): -1.089, (4, 0, 0): -2.778, (4, 0, 1): -3.017, (4, 0, 2): -3.017, (4, 0, 3): -3.03, (4, 1, 0): -4.125, (4, 1, 1): -3.017, (4, 1, 2): -2.818, (4, 1, 3): -4.125, (4, 2, 0): -5, (4, 2, 1): -5, (4, 2, 2): -5, (4, 2, 3): -5, (4, 3, 0): -0.894, (4, 3, 1): -0.75, (4, 3, 2): -4.125, (4, 3, 3): -0.15, (4, 4, 0): 1, (4, 4, 1): 1, (4, 4, 2): 1, (4, 4, 3): 1}
-----------------------------------------------
| -5.262 | -4.736 | -4.152 | -3.503 | -2.782 |
-----------------------------------------------
| -5     | -4.152 | -3.503 | -5     | -1.98  |
-----------------------------------------------
| -3.327 | -3.503 | -2.782 | -1.98  | -1.089 |
-----------------------------------------------
| -2.891 | -5     | -1.98  | -1.089 | -0.099 |
-----------------------------------------------
| -2.778 | -2.818 | -5     | -0.15  | 1      |
-----------------------------------------------
PS C:\Users\Student\Documents\challenges\Q-Learning-Algorithm> python .\frozenlake_sw.py
{(0, 0, 0): 0, (0, 0, 1): 0, (0, 0, 2): 0, (0, 0, 3): 0, (0, 1, 0): 0, (0, 1, 1): 0, (0, 1, 2): 0, (0, 1, 3): 0, (0, 2, 0): 0, (0, 2, 1): 0, (0, 2, 2): 0, (0, 2, 3): 0, (0, 3, 0): 0, (0, 3, 1): 0, (0, 3, 2): 0, (0, 3, 3): 0, (0, 4, 0): 0, (0, 4, 1): 0, (0, 4, 2): 0, (0, 4, 3): 0, (1, 0, 0): 0, (1, 0, 1): 0, (1, 0, 2): 0, (1, 0, 3): 0, (1, 1, 0): 0, (1, 1, 1): 0, (1, 1, 2): 0, (1, 1, 3): 0, (1, 2, 0): 0, (1, 2, 1): 0, (1, 2, 2): 0, (1, 2, 3): 0, (1, 3, 0): 0, (1, 3, 1): 0, (1, 3, 2): 0, (1, 3, 3): 0, (1, 4, 0): 0, (1, 4, 1): 0, (1, 4, 2): 0, (1, 4, 3): 0, (2, 0, 0): 0, (2, 0, 1): 0, (2, 0, 2): 0, (2, 0, 3): 0, (2, 1, 0): 0, (2, 1, 1): 0, (2, 1, 2): 0, (2, 1, 3): 0, (2, 2, 0): 0, (2, 2, 1): 0, (2, 2, 2): 0, (2, 2, 3): 0, (2, 3, 0): 0, (2, 3, 1): 0, (2, 3, 2): 0, (2, 3, 3): 0, (2, 4, 0): 0, (2, 4, 1): 0, (2, 4, 2): 0, (2, 4, 3): 0, (3, 0, 0): 0, (3, 0, 1): 0, (3, 0, 2): 0, (3, 0, 3): 0, (3, 1, 0): 0, (3, 1, 1): 0, (3, 1, 2): 0, (3, 1, 3): 0, (3, 2, 0): 0, (3, 2, 1): 0, (3, 2, 2): 0, (3, 2, 3): 0, (3, 3, 0): 0, (3, 3, 1): 0, (3, 3, 2): 0, (3, 3, 3): 0, (3, 4, 0): 0, (3, 4, 1): 0, (3, 4, 2): 0, (3, 4, 3): 0, (4, 0, 0): 0, (4, 0, 1): 0, (4, 0, 2): 0, (4, 0, 3): 0, (4, 1, 0): 0, (4, 1, 1): 0, (4, 1, 2): 0, (4, 1, 3): 0, (4, 2, 0): 0, (4, 2, 1): 0, (4, 2, 2): 0, (4, 2, 3): 0, (4, 3, 0): 0, (4, 3, 1): 0, (4, 3, 2): 0, (4, 3, 3): 0, (4, 4, 0): 0, (4, 4, 1): 0, (4, 4, 2): 0, (4, 4, 3): 0}
{(0, 0, 0): -5.735, (0, 0, 1): -5.499, (0, 0, 2): -5.735, (0, 0, 3): -5.262, (0, 1, 0): -5.262, (0, 1, 1): -4.736, (0, 1, 2): -5.735, (0, 1, 3): -4.736, (0, 2, 0): -4.736, (0, 2, 1): -4.152, (0, 2, 2): -5.262, (0, 2, 3): -4.154, (0, 3, 0): -4.116, (0, 3, 1): -5.499, (0, 3, 2): -4.733, (0, 3, 3): -3.505, (0, 4, 0): -3.502, (0, 4, 1): -2.784, (0, 4, 2): -4.151, (0, 4, 3): -3.505, (1, 0, 0): -5, (1, 0, 1): -5, (1, 0, 2): -5, (1, 0, 3): -5, (1, 1, 0): -5.262, (1, 1, 1): -4.152, (1, 1, 2): -5.499, (1, 1, 3): -4.152, (1, 2, 0): -4.736, (1, 2, 1): -3.503, (1, 2, 2): -4.736, (1, 2, 3): -5.499, (1, 3, 0): -5, (1, 3, 1): -5, (1, 3, 2): -5, (1, 3, 3): -5, (1, 4, 0): -3.505, (1, 4, 1): -1.982, (1, 4, 2): -5.498, (1, 4, 3): -2.782, (2, 0, 0): -4.812, (2, 0, 1): -3.862, (2, 0, 2): -4.013, (2, 0, 3): -4.001, (2, 1, 0): -4.734, (2, 1, 1): -5.498, (2, 1, 2): -4.289, (2, 1, 3): -3.503, (2, 2, 0): -4.152, (2, 2, 1): -2.782, (2, 2, 2): -4.152, (2, 2, 3): -2.782, (2, 3, 0): -5.499, (2, 3, 1): -1.98, (2, 3, 2): -3.503, (2, 3, 3): -1.981, (2, 4, 0): -2.783, (2, 4, 1): -1.091, (2, 4, 2): -2.782, (2, 4, 3): -1.981, (3, 0, 0): -4.033, (3, 0, 1): -3.468, (3, 0, 2): -3.698, (3, 0, 3): -4.125, (3, 1, 0): -5, (3, 1, 1): -5, (3, 1, 2): -5, (3, 1, 3): -5, (3, 2, 0): -3.502, (3, 2, 1): -5.499, (3, 2, 2): -5.489, (3, 2, 3): -1.98, (3, 3, 0): -2.782, (3, 3, 1): -1.089, (3, 3, 2): -2.782, (3, 3, 3): -1.091, (3, 4, 0): -1.981, (3, 4, 1): -0.1, (3, 4, 2): -1.98, (3, 4, 3): -1.09, (4, 0, 0): -3.528, (4, 0, 1): -3.578, (4, 0, 2): -3.366, (4, 0, 3): -3.472, (4, 1, 0): -4.125, (4, 1, 1): -3.017, (4, 1, 2): -3.403, (4, 1, 3): -4.125, (4, 2, 0): -5, (4, 2, 1): -5, (4, 2, 2): -5, (4, 2, 3): -5, (4, 3, 0): -1.98, (4, 3, 1): -1.089, (4, 3, 2): -5.499, (4, 3, 3): -0.099, (4, 4, 0): 1, (4, 4, 1): 1, (4, 4, 2): 1, (4, 4, 3): 1}